Performance Summary for Keller-4 (Bron-Kerbosch)
============================================================
Search Metric          Value         | Efficiency Metric      Value
------------------------------------------------------------
Total Runs:            100           | Mean Runtime:          3.3301 s
Success Rate:          100.0%         | Median Runtime:        0.3253 s
Unique Cliques:        73/100      | Min Runtime:           0.0153 s
Mean Rec. Calls:       125,626       | Max Runtime:           22.1595 s
============================================================

Detailed Clique List:
Run 1: [3, 8, 34, 36, 58, 65, 90, 147, 152, 161, 183, 185]
Run 2: [2, 4, 35, 90, 97, 104, 129, 136, 147, 202, 229, 235]
Run 3: [0, 18, 25, 56, 62, 91, 118, 147, 149, 173, 180, 191]
Run 4: [1, 10, 19, 88, 97, 106, 128, 134, 163, 200, 229, 235]
Run 5: [3, 13, 39, 46, 53, 85, 108, 140, 151, 158, 178, 180]
Run 6: [3, 5, 34, 75, 100, 106, 128, 137, 146, 219, 224, 233]
Run 7: [0, 9, 27, 35, 37, 66, 123, 148, 154, 162, 176, 185]
Run 8: [0, 6, 24, 78, 97, 106, 133, 140, 168, 222, 224, 230]
Run 9: [0, 6, 24, 35, 42, 78, 97, 133, 140, 169, 175, 183]
Run 10: [8, 17, 26, 48, 62, 83, 141, 149, 155, 180, 191, 246]
Run 11: [2, 4, 28, 37, 46, 103, 124, 135, 145, 159, 181, 190]
Run 12: [3, 5, 27, 32, 41, 98, 123, 130, 148, 154, 176, 185]
Run 13: [0, 6, 30, 37, 44, 103, 126, 135, 145, 159, 181, 188]
Run 14: [6, 20, 31, 48, 62, 93, 120, 131, 149, 155, 177, 186]
Run 15: [3, 24, 59, 65, 96, 121, 135, 153, 171, 209, 227, 245]
Run 16: [3, 5, 38, 47, 61, 93, 100, 132, 150, 159, 186, 188]
Run 17: [0, 11, 18, 42, 44, 73, 129, 135, 159, 166, 173, 228]
Run 18: [1, 19, 24, 57, 63, 90, 119, 146, 148, 172, 181, 190]
Run 19: [2, 12, 38, 45, 52, 74, 146, 156, 170, 177, 184, 212]
Run 20: [12, 21, 30, 50, 52, 87, 129, 153, 159, 179, 184, 250]
Run 21: [1, 8, 34, 44, 58, 90, 100, 132, 146, 156, 182, 189]
Run 22: [6, 20, 31, 48, 62, 93, 120, 131, 149, 155, 177, 186]
Run 23: [0, 6, 30, 72, 101, 108, 131, 138, 174, 216, 224, 230]
Run 24: [0, 14, 22, 36, 45, 72, 111, 131, 138, 167, 169, 177]
Run 25: [1, 7, 25, 32, 43, 98, 121, 130, 148, 154, 176, 187]
Run 26: [1, 7, 31, 36, 45, 73, 130, 139, 144, 168, 174, 230]
Run 27: [2, 4, 33, 40, 58, 90, 146, 148, 172, 181, 190, 204]
Run 28: [0, 9, 18, 36, 42, 108, 114, 140, 149, 158, 180, 186]
Run 29: [1, 7, 31, 73, 100, 109, 130, 139, 175, 217, 225, 231]
Run 30: [1, 8, 37, 43, 51, 83, 145, 152, 170, 178, 180, 202]
Run 31: [0, 9, 27, 35, 37, 66, 123, 148, 154, 162, 176, 185]
Run 32: [0, 6, 30, 37, 44, 103, 126, 135, 145, 159, 181, 188]
Run 33: [0, 11, 33, 39, 57, 66, 144, 155, 162, 180, 186, 217]
Run 34: [2, 4, 26, 33, 40, 99, 122, 131, 149, 155, 177, 184]
Run 35: [0, 11, 18, 36, 42, 73, 108, 129, 143, 151, 165, 174]
Run 36: [1, 15, 25, 32, 43, 71, 98, 133, 142, 156, 164, 170]
Run 37: [1, 7, 25, 32, 43, 98, 121, 130, 148, 154, 176, 187]
Run 38: [0, 6, 37, 44, 62, 72, 94, 144, 150, 168, 177, 186]
Run 39: [5, 12, 30, 32, 38, 71, 126, 145, 159, 167, 181, 188]
Run 40: [2, 9, 38, 40, 48, 80, 110, 142, 150, 152, 181, 188]
Run 41: [0, 14, 22, 36, 47, 72, 109, 129, 138, 165, 171, 179]
Run 42: [8, 17, 26, 48, 62, 83, 118, 141, 149, 155, 180, 191]
Run 43: [3, 5, 38, 47, 61, 93, 100, 132, 150, 159, 186, 188]
Run 44: [0, 6, 35, 42, 56, 88, 97, 129, 147, 154, 183, 185]
Run 45: [1, 8, 34, 36, 58, 67, 145, 152, 163, 181, 187, 218]
Run 46: [3, 13, 32, 41, 59, 69, 91, 147, 157, 165, 183, 188]
Run 47: [8, 16, 30, 49, 58, 86, 115, 141, 148, 159, 181, 187]
Run 48: [0, 6, 30, 37, 44, 103, 126, 135, 145, 159, 181, 188]
Run 49: [3, 5, 38, 47, 61, 93, 100, 132, 150, 159, 186, 188]
Run 50: [3, 5, 27, 32, 41, 98, 123, 130, 148, 154, 176, 185]
Run 51: [0, 6, 24, 35, 42, 78, 120, 149, 156, 174, 176, 182]
Run 52: [0, 6, 35, 72, 101, 107, 129, 138, 147, 216, 225, 234]
Run 53: [2, 4, 35, 74, 101, 107, 129, 136, 147, 218, 225, 232]
Run 54: [0, 9, 36, 42, 50, 82, 108, 140, 148, 154, 181, 190]
Run 55: [1, 7, 34, 73, 100, 106, 128, 139, 146, 217, 224, 235]
Run 56: [0, 6, 30, 37, 44, 72, 126, 147, 154, 168, 176, 182]
Run 57: [4, 13, 33, 39, 63, 70, 105, 136, 142, 144, 162, 171]
Run 58: [4, 15, 29, 35, 37, 70, 125, 144, 158, 166, 180, 191]
Run 59: [0, 14, 24, 33, 42, 70, 132, 143, 157, 165, 171, 227]
Run 60: [0, 6, 24, 35, 42, 78, 120, 149, 156, 174, 176, 182]
Run 61: [2, 16, 27, 52, 58, 89, 124, 135, 145, 159, 181, 190]
Run 62: [1, 24, 57, 67, 96, 123, 133, 155, 169, 211, 225, 247]
Run 63: [0, 11, 25, 33, 47, 66, 121, 148, 154, 162, 176, 187]
Run 64: [15, 20, 29, 49, 55, 86, 121, 128, 152, 158, 178, 187]
Run 65: [8, 17, 26, 48, 62, 83, 118, 141, 149, 155, 180, 191]
Run 66: [1, 15, 25, 32, 43, 71, 133, 142, 156, 164, 170, 226]
Run 67: [0, 6, 35, 42, 56, 97, 129, 147, 154, 183, 185, 216]
Run 68: [2, 12, 38, 47, 52, 84, 109, 141, 150, 159, 179, 181]
Run 69: [0, 6, 37, 44, 62, 72, 94, 144, 150, 168, 177, 186]
Run 70: [0, 9, 42, 44, 50, 82, 100, 132, 154, 156, 182, 189]
Run 71: [2, 4, 33, 40, 58, 76, 90, 146, 148, 172, 181, 190]
Run 72: [0, 6, 30, 37, 44, 103, 126, 135, 145, 159, 181, 188]
Run 73: [0, 14, 24, 33, 42, 70, 132, 143, 157, 165, 171, 227]
Run 74: [0, 6, 35, 72, 101, 107, 129, 138, 147, 216, 225, 234]
Run 75: [0, 11, 33, 39, 57, 66, 144, 155, 162, 180, 186, 217]
Run 76: [0, 6, 33, 42, 56, 88, 99, 131, 145, 154, 187, 189]
Run 77: [0, 14, 24, 35, 42, 70, 132, 141, 159, 167, 169, 225]
Run 78: [15, 20, 29, 49, 55, 86, 128, 152, 158, 178, 187, 249]
Run 79: [4, 15, 22, 32, 46, 77, 104, 133, 139, 147, 161, 170]
Run 80: [0, 6, 35, 42, 56, 88, 97, 129, 147, 154, 185, 191]
Run 81: [0, 6, 37, 44, 62, 72, 94, 144, 150, 168, 177, 186]
Run 82: [6, 16, 30, 52, 61, 88, 129, 147, 154, 183, 185, 255]
Run 83: [4, 15, 35, 37, 61, 70, 148, 159, 166, 176, 190, 221]
Run 84: [2, 4, 26, 33, 40, 99, 122, 131, 149, 155, 177, 184]
Run 85: [4, 15, 29, 35, 37, 70, 125, 144, 158, 166, 180, 191]
Run 86: [2, 4, 35, 90, 97, 104, 129, 136, 147, 202, 229, 235]
Run 87: [8, 17, 26, 48, 62, 83, 118, 141, 149, 155, 180, 191]
Run 88: [1, 8, 43, 45, 51, 101, 133, 155, 157, 183, 188, 211]
Run 89: [4, 13, 33, 39, 63, 70, 105, 136, 142, 144, 162, 171]
Run 90: [0, 11, 33, 39, 57, 66, 144, 155, 162, 180, 186, 217]
Run 91: [0, 6, 24, 78, 97, 106, 135, 140, 168, 222, 224, 230]
Run 92: [6, 20, 31, 48, 62, 93, 120, 131, 149, 155, 177, 186]
Run 93: [3, 13, 39, 46, 53, 85, 108, 140, 151, 158, 178, 180]
Run 94: [0, 6, 30, 72, 101, 108, 131, 138, 174, 216, 224, 230]
Run 95: [3, 8, 34, 36, 58, 90, 147, 152, 161, 183, 185, 193]
Run 96: [3, 5, 38, 47, 61, 93, 100, 132, 150, 159, 186, 188]
Run 97: [0, 6, 39, 94, 101, 108, 133, 140, 151, 206, 225, 239]
Run 98: [5, 12, 38, 40, 62, 94, 96, 128, 150, 152, 178, 185]
Run 99: [0, 11, 18, 36, 42, 73, 108, 129, 143, 151, 165, 174]
Run 100: [0, 9, 35, 45, 59, 91, 101, 133, 147, 157, 183, 188]
